"customer_num" "arv.time" "wt.time" "st.time" "sp.time" "l.time"
"1" 1 212.369931702664 0 212.369931702664 261.192836023304 473.562767725968
"2" 2 320.203171767072 153.359595958896 473.562767725968 10.7332092683086 484.295976994277
"3" 3 335.310119449184 148.985857545092 484.295976994277 2.19483663327992 486.490813627557
"4" 4 336.206549093196 150.284264534361 486.490813627557 35.1695702690631 521.66038389662
"5" 5 415.964370299199 105.69601359742 521.66038389662 261.737897396717 783.398281293336
"6" 6 417.166845727781 366.231435565556 783.398281293336 75.7540511351116 859.152332428448
"7" 7 693.552447993155 165.599884435293 859.152332428448 22.0852767294719 881.23760915792
"8" 8 718.526645281048 162.710963876872 881.23760915792 11.3714667214408 892.609075879361
"9" 9 808.056301594279 84.5527742850815 892.609075879361 146.490693382808 1039.09976926217
"10" 10 877.845218413077 161.254550849092 1039.09976926217 401.166198938752 1440.26596820092
"11" 11 935.194851801298 505.071116399622 1440.26596820092 542.008616447004 1982.27458464792
"12" 12 1379.07821962747 603.196365020456 1982.27458464792 121.936559826136 2104.21114447406
"13" 13 1662.58359194289 441.627552531168 2104.21114447406 473.068882763053 2577.28002723711
"14" 14 2053.49601773879 523.784009498326 2577.28002723711 324.007704764382 2901.28773200149
"15" 15 2164.81013478541 736.477597216089 2901.28773200149 145.34806748096 3046.63579948245
"16" 16 2214.21569265255 832.420106829909 3046.63579948245 104.526387378573 3151.16218686103
"17" 17 2337.83013392906 813.332052931971 3151.16218686103 33.7832500583564 3184.94543691938
"18" 18 2399.34231981859 785.603117100793 3184.94543691938 38.3610314503312 3223.30646836972
"19" 19 2441.34138228596 781.965086083758 3223.30646836972 263.423847429232 3486.73031579895
"20" 20 2675.81399344986 810.916322349085 3486.73031579895 159.505455852908 3646.23577165186
"21" 21 2801.20018788256 845.035583769293 3646.23577165186 231.44878701482 3877.68455866668
"22" 22 2909.13255926292 968.551999403759 3877.68455866668 496.186765819455 4373.87132448613
"23" 23 2962.05522751506 1411.81609697107 4373.87132448613 5.68213420490868 4379.55345869104
"24" 24 2976.26104749809 1403.29241119295 4379.55345869104 118.1299965363 4497.68345522734
"25" 25 2978.70501147653 1518.97844375081 4497.68345522734 279.705755041382 4777.38921026872
"26" 26 3201.60317950875 1575.78603075997 4777.38921026872 168.805961508177 4946.1951717769
"27" 27 3270.88568420143 1675.30948757547 4946.1951717769 13.5894156619906 4959.78458743889
"28" 28 3273.08768386946 1686.69690356943 4959.78458743889 141.203240334877 5100.98782777377
"29" 29 3372.18695177186 1728.80087600191 5100.98782777377 51.6427074652165 5152.63053523898
"30" 30 3545.55176836782 1607.07876687116 5152.63053523898 502.524746871534 5655.15528211052
"31" 31 3547.33109531336 2107.82418679715 5655.15528211052 40.2719566784799 5695.427238789
"32" 32 3553.87276956908 2141.55446921992 5695.427238789 175.46849669277 5870.89573548177
"33" 33 3580.68703560255 2290.20869987922 5870.89573548177 135.480358481296 6006.37609396306
"34" 34 3651.11957686118 2355.25651710189 6006.37609396306 69.7419803962111 6076.11807435928
"35" 35 3806.04898159915 2270.06909276012 6076.11807435928 71.4474233130559 6147.56549767233
"36" 36 3812.58391340786 2334.98158426447 6147.56549767233 214.15153690789 6361.71703458022
"37" 37 4142.25361924561 2219.46341533461 6361.71703458022 314.317120633797 6676.03415521402
"38" 38 4486.46539602639 2189.56875918763 6676.03415521402 107.830405198038 6783.86456041206
"39" 39 4538.11816426205 2245.74639615001 6783.86456041206 450.004321351314 7233.86888176337
"40" 40 4589.43927712949 2644.42960463388 7233.86888176337 4.78271551642683 7238.6515972798
"41" 41 4614.19195464053 2624.45964263926 7238.6515972798 86.5877219861703 7325.23931926597
"42" 42 4619.37714293772 2705.86217632825 7325.23931926597 51.6035331205851 7376.84285238655
"43" 43 4737.31784116935 2639.5250112172 7376.84285238655 173.180971734115 7550.02382412067
"44" 44 5075.50523214499 2474.51859197568 7550.02382412067 131.817208016175 7681.84103213684
"45" 45 5166.12796975726 2515.71306237958 7681.84103213684 420.680228411818 8102.52126054866
"46" 46 5210.93544615859 2891.58581439007 8102.52126054866 16.2455378598247 8118.76679840849
"47" 47 5307.46987805324 2811.29692035524 8118.76679840849 34.5281082484871 8153.29490665697
"48" 48 5579.28726312255 2574.00764353442 8153.29490665697 126.418095726409 8279.71300238338
"49" 49 5582.30154981357 2697.41145256982 8279.71300238338 45.6151824910194 8325.3281848744
"50" 50 5585.97032922771 2739.35785564669 8325.3281848744 270.71432790138 8596.04251277578
"51" 51 5837.07101443653 2758.97149833925 8596.04251277578 20.7308737747371 8616.77338655052
"52" 52 5856.46657183712 2760.30681471339 8616.77338655052 36.5830881334841 8653.356474684
"53" 53 6000.88337305375 2652.47310163025 8653.356474684 39.7626606747508 8693.11913535875
"54" 54 6072.64071423002 2620.47842112873 8693.11913535875 629.363606646102 9322.48274200486
"55" 55 6104.83321278729 3217.64952921756 9322.48274200486 9.04699117876589 9331.52973318362
"56" 56 6107.64311452707 3223.88661865656 9331.52973318362 58.9223494660109 9390.45208264963
"57" 57 6164.09652990599 3226.35555274364 9390.45208264963 68.9370247442275 9459.38910739386
"58" 58 6195.67624629785 3263.712861096 9459.38910739386 180.49671710644 9639.8858245003
"59" 59 6310.38174663477 3329.50407786553 9639.8858245003 285.220895431714 9925.10671993201
"60" 60 6322.90166050933 3602.20505942268 9925.10671993201 385.832432627423 10310.9391525594
"61" 61 6585.50812072277 3725.43103183667 10310.9391525594 288.970855645613 10599.910008205
"62" 62 6671.10814469519 3928.80186350986 10599.910008205 14.7723270859569 10614.682335291
"63" 63 6809.72808314567 3804.95425214534 10614.682335291 109.482906293124 10724.1652415841
"64" 64 6841.43849089821 3882.72675068592 10724.1652415841 155.341708708443 10879.5069502926
"65" 65 6852.08005511508 4027.42689517749 10879.5069502926 118.877001972869 10998.3839522654
"66" 66 7034.2304135882 3964.15353867725 10998.3839522654 310.808954855491 11309.1929071209
"67" 67 7090.23126665732 4218.96164046361 11309.1929071209 255.985213465766 11565.1781205867
"68" 68 7129.43967186144 4435.73844872526 11565.1781205867 443.350801482463 12008.5289220692
"69" 69 7159.30997621498 4849.21894585419 12008.5289220692 64.2606927517512 12072.7896148209
"70" 70 7221.52511758959 4851.26449723132 12072.7896148209 76.4030540362 12149.1926688571
"71" 71 7240.77080015323 4908.42186870389 12149.1926688571 257.808330235901 12407.000999093
"72" 72 7351.15143034333 5055.84956874969 12407.000999093 18.7598504902945 12425.7608495833
"73" 73 7355.3457727442 5070.41507683911 12425.7608495833 9.83785601332784 12435.5987055966
"74" 74 7400.48629839665 5035.11240719999 12435.5987055966 47.2552542369297 12482.8539598336
"75" 75 7561.45240076074 4921.40155907283 12482.8539598336 58.3835825326047 12541.2375423662
"76" 76 7873.37013600932 4667.86740635685 12541.2375423662 10.7026554364711 12551.9401978026
"77" 77 8054.38162797869 4497.55856982395 12551.9401978026 67.327257514397 12619.267455317
"78" 78 8222.2458997435 4397.02155557354 12619.267455317 129.184234169292 12748.4516894863
"79" 79 8271.33927739571 4477.11241209062 12748.4516894863 307.900064592493 13056.3517540788
"80" 80 8351.71511861842 4704.63663546041 13056.3517540788 358.303819283621 13414.6555733624
"81" 81 8422.34323795299 4992.31233540945 13414.6555733624 148.692785294218 13563.3483586567
"82" 82 8610.5521118109 4952.79624684576 13563.3483586567 418.181967973376 13981.53032663
"83" 83 8703.70875352759 5277.82157310246 13981.53032663 42.179199133814 14023.7095257639
"84" 84 8708.59745709339 5315.11206867047 14023.7095257639 120.278051840141 14143.987577604
"85" 85 8739.48702673234 5404.50055087166 14143.987577604 172.409323502221 14316.3969011062
"86" 86 8978.57445723705 5337.82244386917 14316.3969011062 474.917667746211 14791.3145688524
"87" 87 9003.8561509703 5787.45841788213 14791.3145688524 39.1667807686775 14830.4813496211
"88" 88 9055.8410605569 5774.6402890642 14830.4813496211 151.937721252943 14982.419070874
"89" 89 9108.68738915841 5873.73168171564 14982.419070874 1783.08350863957 16765.5025795136
"90" 90 9111.47573695211 7654.02684256151 16765.5025795136 168.815444821491 16934.3180243351
"91" 91 9153.26052964358 7781.05749469153 16934.3180243351 146.876261263975 17081.1942855991
"92" 92 9213.87261184862 7867.32167375047 17081.1942855991 74.475507152923 17155.669792752
"93" 93 9286.21003375386 7869.45975899814 17155.669792752 80.9541896637529 17236.6239824158
"94" 94 9321.47615228777 7915.14783012798 17236.6239824158 21.401936688853 17258.0259191046
"95" 95 9377.21493258139 7880.81098652322 17258.0259191046 199.932261745565 17457.9581808502
"96" 96 9380.79384586772 8077.16433498246 17457.9581808502 26.3392610102892 17484.2974418605
"97" 97 9402.31583417391 8081.98160768655 17484.2974418605 77.0994141686397 17561.3968560291
"98" 98 9543.12912512996 8018.26773089915 17561.3968560291 140.777662926287 17702.1745189554
"99" 99 9584.52111892827 8117.65340002712 17702.1745189554 183.503785051294 17885.6783040067
"100" 100 9695.35033013593 8190.32797387076 17885.6783040067 3.20143120363355 17888.8797352103
"101" 101 9791.97233825933 8096.90739695098 17888.8797352103 104.429405070841 17993.3091402812
"102" 102 9898.27947180225 8095.0296684789 17993.3091402812 180.641954237813 18173.951094519
"103" 103 10665.6734879184 7508.27760660053 18173.951094519 736.83183628544 18910.7829308044
"104" 104 10694.0436916668 8216.73923913762 18910.7829308044 69.2292153742164 18980.0121461786
"105" 105 10718.5959683042 8261.41617787443 18980.0121461786 133.897735128532 19113.9098813072
"106" 106 10813.5302866719 8300.37959463523 19113.9098813072 121.607517069206 19235.5173983764
"107" 107 10846.955266869 8388.56213150741 19235.5173983764 552.278537730997 19787.7959361074
"108" 108 10939.1225921073 8848.67334400009 19787.7959361074 279.048495463805 20066.8444315712
"109" 109 11083.7477463143 8983.09668525682 20066.8444315712 281.050697438197 20347.8951290094
"110" 110 11127.6910212296 9220.2041077798 20347.8951290094 102.493564384058 20450.3886933934
"111" 111 11154.7762347417 9295.61245865168 20450.3886933934 73.761342940852 20524.1500363343
"112" 112 11207.7042114208 9316.44582491347 20524.1500363343 29.4107607286423 20553.5607970629
"113" 113 11291.2456595321 9262.31513753085 20553.5607970629 42.2208215816929 20595.7816186446
"114" 114 11660.9552084132 8934.82641023146 20595.7816186446 155.67247872416 20751.4540973688
"115" 115 11726.4532436466 9025.00085372215 20751.4540973688 416.143136411572 21167.5972337803
"116" 116 12146.7703028552 9020.82693092514 21167.5972337803 102.183253001422 21269.7804867818
"117" 117 12523.2735602885 8746.50692649329 21269.7804867818 15.7239505369216 21285.5044373187
"118" 118 12615.8489460775 8669.6554912412 21285.5044373187 128.473006034389 21413.9774433531
"119" 119 12617.7023819197 8796.27506143338 21413.9774433531 122.682991186157 21536.6604345392
"120" 120 12720.6837521924 8815.97668234688 21536.6604345392 51.4598958939314 21588.1203304332
"121" 121 12887.7260113486 8700.39431908457 21588.1203304332 374.940833910966 21963.0611643441
"122" 122 12936.5412312724 9026.51993307168 21963.0611643441 379.372179513149 22342.4333438573
"123" 123 12949.873400575 9392.55994328223 22342.4333438573 418.166802763606 22760.6001466209
"124" 124 13256.9396093546 9503.66053726625 22760.6001466209 10.3441209675091 22770.9442675884
"125" 125 13577.6183328685 9193.3259347199 22770.9442675884 933.409357055244 23704.3536246436
"126" 126 13714.9101395389 9989.44348510469 23704.3536246436 60.5246929172426 23764.8783175609
"127" 127 13730.9401147297 10033.9382028312 23764.8783175609 284.207512944715 24049.0858305056
"128" 128 13843.877472682 10205.2083578236 24049.0858305056 183.683533877086 24232.7693643827
"129" 129 13938.3187900341 10294.4505743486 24232.7693643827 40.6220295466483 24273.3913939293
"130" 130 14069.4666247994 10203.9247691299 24273.3913939293 9.0965174138546 24282.4879113432
"131" 131 14116.3611307733 10166.1267805698 24282.4879113432 51.712295031175 24334.2002063744
"132" 132 14211.1892951968 10123.0109111776 24334.2002063744 250.963965749083 24585.1641721234
"133" 133 14223.2571344207 10361.9070377028 24585.1641721234 261.186137445049 24846.3503095685
"134" 134 14301.8378992135 10544.512410355 24846.3503095685 156.233631886431 25002.5839414549
"135" 135 14358.4245121981 10644.1594292569 25002.5839414549 27.2156090979267 25029.7995505528
"136" 136 14376.4181127714 10653.3814377814 25029.7995505528 54.4691079296172 25084.2686584825
"137" 137 14383.2136895264 10701.0549689561 25084.2686584825 6.44362331357842 25090.712281796
"138" 138 14773.7753717901 10316.9369100059 25090.712281796 267.043477765994 25357.755759562
"139" 139 14788.0902222906 10569.6655372714 25357.755759562 327.558044254558 25685.3138038166
"140" 140 14962.279303398 10723.0345004185 25685.3138038166 75.3439178410918 25760.6577216577
"141" 141 15078.5722555059 10682.0854661518 25760.6577216577 53.0030768590381 25813.6607985167
"142" 142 15441.3513163859 10372.3094821308 25813.6607985167 127.479078370967 25941.1398768877
"143" 143 15518.7959630424 10422.3439138453 25941.1398768877 260.868891171783 26202.0087680595
"144" 144 15545.1797890672 10656.8289789922 26202.0087680595 14.6765636527412 26216.6853317122
"145" 145 15643.3777633268 10573.3075683854 26216.6853317122 73.020089501515 26289.7054212137
"146" 146 15658.7293024307 10630.976118783 26289.7054212137 24.5439106598496 26314.2493318736
"147" 147 15678.4793189357 10635.7700129379 26314.2493318736 414.00649275668 26728.2558246303
"148" 148 15842.0799381797 10886.1758864505 26728.2558246303 39.7187773883343 26767.9746020186
"149" 149 16004.4014682709 10763.5731337477 26767.9746020186 162.053283487647 26930.0278855062
"150" 150 16006.8870220882 10923.140863418 26930.0278855062 394.776714384223 27324.8045998905
"151" 151 16153.6333174757 11171.1712824148 27324.8045998905 297.57351400681 27622.3781138973
"152" 152 16174.5151482089 11447.8629656883 27622.3781138973 185.901032827684 27808.2791467249
"153" 153 16184.0673466711 11624.2118000538 27808.2791467249 354.587250455804 28162.8663971807
"154" 154 16186.0235249563 11976.8428722244 28162.8663971807 238.698476787546 28401.5648739683
"155" 155 16198.8542146548 12202.7106593135 28401.5648739683 71.046054828912 28472.6109287972
"156" 156 16217.7246167264 12254.8863120708 28472.6109287972 380.990750884726 28853.6016796819
"157" 157 16459.0302355985 12394.5714440834 28853.6016796819 266.593917402291 29120.1955970842
"158" 158 16506.6991303513 12613.4964667329 29120.1955970842 67.3656928259879 29187.5612899102
"159" 159 16723.8037564157 12463.7575334945 29187.5612899102 0.188580106874568 29187.7498700171
"160" 160 16763.2598792686 12424.4899907485 29187.7498700171 547.078219472918 29734.82808949
"161" 161 16963.9049015017 12770.9231879883 29734.82808949 72.4070910830051 29807.235180573
"162" 162 16989.4856997747 12817.7494807983 29807.235180573 69.9327322683524 29877.1679128414
"163" 163 16994.9069254827 12882.2609873587 29877.1679128414 355.022163848358 30232.1900766897
"164" 164 17022.5178810749 13209.6721956148 30232.1900766897 479.107769742275 30711.297846432
"165" 165 17053.7011335585 13657.5967128735 30711.297846432 315.351187646167 31026.6490340782
"166" 166 17326.1018149944 13700.5472190838 31026.6490340782 44.7266746309653 31071.3757087091
"167" 167 17462.3714346032 13609.0042741059 31071.3757087091 93.3976259082556 31164.7733346174
"168" 168 17684.8927312582 13479.8806033592 31164.7733346174 24.1768591571599 31188.9501937745
"169" 169 17844.9772503042 13343.9729434704 31188.9501937745 68.1483433116227 31257.0985370862
"170" 170 17858.0851855316 13399.0133515545 31257.0985370862 179.768646804176 31436.8671838903
"171" 171 18218.691701147 13399.0133515545 31257.0985370862 179.768646804176 31436.8671838903
