  [1] 0.050000000 0.095238095 0.000000000 0.043478261 0.041666667 0.080000000
  [7] 0.000000000 0.000000000 0.035714286 0.034482759 0.033333333 0.000000000
  [13] 0.062500000 0.000000000 0.000000000 0.085714286 0.027777778 0.081081081
  [19] 0.026315789 0.051282051 0.025000000 0.000000000 0.047619048 0.023255814
  [25] 0.022727273 0.044444444 0.021739130 0.021276596 0.062500000 0.020408163
  [31] 0.020000000 0.058823529 0.019230769 0.037735849 0.037037037 0.072727273
  [37] 0.017857143 0.035087719 0.034482759 0.067796610 0.050000000 0.032786885
  [43] 0.016129032 0.015873016 0.000000000 0.076923077 0.030303030 0.014925373
  [49] 0.029411765 0.043478261 0.028571429 0.028169014 0.013888889 0.041095890
  [55] 0.027027027 0.053333333 0.013157895 0.025974026 0.051282051 0.000000000
  [61] 0.050000000 0.037037037 0.073170732 0.024096386 0.023809524 0.070588235
  [67] 0.034883721 0.022988506 0.022727273 0.044943820 0.033333333 0.043956044
  [73] 0.043478261 0.032258065 0.031914894 0.063157895 0.031250000 0.061855670
  [79] 0.061224490 0.000000000 0.050000000 0.019801980 0.029411765 0.029126214
  [85] 0.048076923 0.076190476 0.009433962 0.028037383 0.037037037 0.082568807
  [91] 0.009090909 0.036036036 0.017857143 0.079646018 0.017543860 0.026086957
  [97] 0.043103448 0.017094017 0.042372881 0.067226891 0.033333333 0.057851240
 [103] 0.032786885 0.065040650 0.016129032 0.048000000 0.031746032 0.047244094
 [109] 0.039062500 0.007751938 0.046153846 0.022900763 0.030303030 0.037593985
 [115] 0.029850746 0.037037037 0.044117647 0.043795620 0.007246377 0.050359712
 [121] 0.050000000 0.021276596 0.042253521 0.041958042 0.041666667 0.027586207
 [127] 0.054794521 0.020408163 0.047297297 0.033557047 0.013333333 0.033112583
 [133] 0.059210526 0.045751634 0.019480519 0.038709677 0.006410256 0.031847134
 [139] 0.031645570 0.031446541 0.043750000 0.068322981 0.018518519 0.030674847
 [145] 0.048780488 0.048484848 0.048192771 0.029940120 0.035714286 0.035502959
 [151] 0.041176471 0.029239766 0.046511628 0.057803468 0.028735632 0.017142857
 [157] 0.051136364 0.062146893 0.028089888 0.044692737 0.038888889 0.033149171
 [163] 0.065934066 0.021857923 0.032608696 0.016216216 0.048387097 0.037433155
 [169] 0.037234043 0.026455026 0.026315789 0.026178010 0.005208333 0.046632124
 [175] 0.030927835 0.041025641 0.040816327 0.035532995 0.020202020 0.045226131
 [181] 0.035000000 0.029850746 0.039603960 0.078817734 0.034313725 0.034146341
 [187] 0.043689320 0.057971014 0.014423077 0.043062201 0.019047619 0.047393365
 [193] 0.018867925 0.037558685 0.032710280 0.051162791 0.060185185 0.036866359
 [199] 0.059633028 0.031963470 0.022727273 0.045248869 0.072072072 0.031390135
 [205] 0.022321429 0.031111111 0.030973451 0.030837004 0.021929825 0.039301310
 [211] 0.030434783 0.043290043 0.047413793 0.021459227 0.059829060 0.063829787
 [217] 0.055084746 0.037974684 0.029411765 0.046025105 0.012500000 0.045643154
 [223] 0.016528926 0.028806584 0.040983607 0.028571429 0.044715447 0.036437247
 [229] 0.036290323 0.048192771 0.044000000 0.031872510 0.039682540 0.015810277
 [235] 0.047244094 0.019607843 0.027343750 0.042801556 0.046511628 0.042471042
 [241] 0.034615385 0.026819923 0.041984733 0.019011407 0.018939394 0.045283019
 [247] 0.026315789 0.052434457 0.048507463 0.029739777 0.029629630 0.036900369
 [253] 0.051470588 0.036630037 0.040145985 0.025454545 0.054347826 0.072202166
 [259] 0.039568345 0.035842294 0.028571429 0.042704626 0.049645390 0.028268551
 [265] 0.024647887 0.028070175 0.045454545 0.038327526 0.027777778 0.020761246
 [271] 0.027586207 0.061855670 0.047945205 0.047781570 0.047619048 0.037288136
 [277] 0.050675676 0.026936027 0.040268456 0.036789298 0.050000000 0.039867110
 [283] 0.033112583 0.026402640 0.023026316 0.026229508 0.032679739 0.042345277
 [289] 0.025974026 0.032362460 0.041935484 0.035369775 0.038461538 0.031948882
 [295] 0.028662420 0.041269841 0.034810127 0.044164038 0.031446541 0.040752351
 [301] 0.031250000 0.043613707 0.027950311 0.046439628 0.040123457 0.040000000
 [307] 0.027607362 0.027522936 0.036585366 0.042553191 0.030303030 0.051359517
 [313] 0.039156627 0.030030030 0.056886228 0.038805970 0.038690476 0.044510386
 [319] 0.047337278 0.026548673 0.035294118 0.038123167 0.032163743 0.046647230
 [325] 0.040697674 0.026086957 0.046242775 0.040345821 0.037356322 0.034383954
 [331] 0.048571429 0.031339031 0.022727273 0.039660057 0.028248588 0.030985915
 [337] 0.028089888 0.050420168 0.030726257 0.019498607 0.044444444 0.030470914
 [343] 0.016574586 0.035812672 0.052197802 0.049315068 0.040983607 0.019073569
 [349] 0.046195652 0.032520325 0.045945946 0.059299191 0.037634409 0.032171582
 [355] 0.053475936 0.048000000 0.031914894 0.029177719 0.042328042 0.044854881
 [361] 0.057894737 0.041994751 0.039267016 0.031331593 0.049479167 0.044155844
 [367] 0.036269430 0.054263566 0.054123711 0.030848329 0.043589744 0.048593350
 [373] 0.017857143 0.027989822 0.055837563 0.048101266 0.050505051 0.037783375
 [379] 0.035175879 0.047619048 0.022500000 0.027431421 0.034825871 0.037220844
 [385] 0.044554455 0.037037037 0.039408867 0.056511057 0.041666667 0.041564792
 [391] 0.034146341 0.046228710 0.029126214 0.036319613 0.031400966 0.031325301
 [397] 0.028846154 0.033573141 0.031100478 0.045346062 0.026190476 0.026128266
 [403] 0.037914692 0.040189125 0.047169811 0.042352941 0.044600939 0.037470726
 [409] 0.051401869 0.037296037 0.027906977 0.044083527 0.037037037 0.027713626
 [415] 0.041474654 0.043678161 0.020642202 0.029748284 0.043378995 0.041002278
 [421] 0.050000000 0.038548753 0.038461538 0.049661400 0.040540541 0.047191011
 [427] 0.040358744 0.055928412 0.040178571 0.028953229 0.053333333 0.035476718
 [433] 0.046460177 0.037527594 0.037444934 0.026373626 0.039473684 0.037199125
 [439] 0.037117904 0.043572985 0.028260870 0.034707158 0.034632035 0.038876890
 [445] 0.030172414 0.036559140 0.036480687 0.053533191 0.025641026 0.042643923
 [451] 0.025531915 0.019108280 0.029661017 0.048625793 0.044303797 0.033684211
 [457] 0.027310924 0.033542977 0.037656904 0.031315240 0.041666667 0.041580042
 [463] 0.041493776 0.049689441 0.049586777 0.028865979 0.032921811 0.041067762
 [469] 0.036885246 0.036809816 0.032653061 0.034623218 0.036585366 0.028397566
 [475] 0.034412955 0.038383838 0.034274194 0.056338028 0.048192771 0.048096192
 [481] 0.032000000 0.047904192 0.045816733 0.033797217 0.027777778 0.047524752
 [487] 0.053359684 0.043392505 0.043307087 0.047151277 0.037254902 0.033268102
 [493] 0.031250000 0.052631579 0.062256809 0.038834951 0.042635659 0.038684720
 [499] 0.046332046 0.044315992 0.032692308 0.032629559 0.042145594 0.030592734
 [505] 0.045801527 0.047619048 0.043726236 0.037950664 0.051136364 0.032136106
 [511] 0.039622642 0.039548023 0.039473684 0.024390244 0.029962547 0.054205607
 [517] 0.048507463 0.044692737 0.031598513 0.037105751 0.044444444 0.057301294
 [523] 0.042435424 0.040515654 0.045955882 0.040366972 0.034798535 0.016453382
 [529] 0.034671533 0.023679417 0.036363636 0.045372051 0.034420290 0.028933092
 [535] 0.041516245 0.045045045 0.050359712 0.030520646 0.044802867 0.037567084
 [541] 0.039285714 0.035650624 0.044483986 0.060390764 0.037234043 0.040707965
 [547] 0.022968198 0.042328042 0.052816901 0.040421793 0.049122807 0.036777583
 [553] 0.022727273 0.040139616 0.043554007 0.038260870 0.041666667 0.034662045
 [559] 0.046712803 0.031088083 0.063793103 0.037865749 0.036082474 0.020583190
 [565] 0.049657534 0.035897436 0.035836177 0.044293015 0.017006803 0.042444822
 [571] 0.040677966 0.045685279 0.028716216 0.032040472 0.043771044 0.038655462
 [577] 0.038590604 0.045226131 0.043478261 0.040066778 0.028333333 0.054908486
 [583] 0.038205980 0.029850746 0.034768212 0.046280992 0.036303630 0.029654036
 [589] 0.034539474 0.034482759 0.031147541 0.042553191 0.042483660 0.035889070
 [595] 0.027687296 0.035772358 0.042207792 0.025931929 0.033980583 0.040387722
 [601] 0.054838710 0.040257649 0.040192926 0.032102729 0.048076923 0.043200000
 [607] 0.036741214 0.030303030 0.036624204 0.034976153 0.046031746 0.026941363
 [613] 0.028481013 0.055292259 0.034700315 0.037795276 0.034591195 0.017268446
 [619] 0.048589342 0.029733959 0.045312500 0.042121685 0.052959502 0.040435459
 [625] 0.040372671 0.031007752 0.026315789 0.037094281 0.029320988 0.035439137
 [631] 0.046153846 0.030721966 0.047546012 0.033690658 0.039755352 0.044274809
 [637] 0.032012195 0.036529680 0.033434650 0.036418816 0.037878788 0.043872920
 [643] 0.037764350 0.037707391 0.049698795 0.042105263 0.045045045 0.028485757
 [649] 0.031437126 0.038863976 0.037313433 0.026825633 0.025297619 0.031203566
 [655] 0.028189911 0.025185185 0.045857988 0.025110783 0.035398230 0.042709867
 [661] 0.048529412 0.042584435 0.045454545 0.036603221 0.046783626 0.032116788
 [667] 0.061224490 0.033478894 0.046511628 0.036284470 0.027536232 0.036179450
 [673] 0.033236994 0.028860029 0.027377522 0.058992806 0.044540230 0.044476327
 [679] 0.024355301 0.047210300 0.038571429 0.037089872 0.042735043 0.041251778
 [685] 0.035511364 0.039716312 0.029745042 0.035360679 0.045197740 0.036671368
 [691] 0.050704225 0.035161744 0.035112360 0.030855540 0.026610644 0.036363636
 [697] 0.027932961 0.052998605 0.029247911 0.036161335 0.041666667 0.042995839
 [703] 0.037396122 0.045643154 0.030386740 0.034482759 0.027548209 0.037138927
 [709] 0.034340659 0.026063100 0.032876712 0.036935705 0.030054645 0.042291951
 [715] 0.039509537 0.032653061 0.036684783 0.039348711 0.054200542 0.039242219
 [721] 0.039189189 0.032388664 0.029649596 0.033647376 0.032258065 0.041610738
 [727] 0.050938338 0.030789826 0.022727273 0.053404539 0.025333333 0.035952064
 [733] 0.034574468 0.045152722 0.034482759 0.045033113 0.048941799 0.044914135
 [739] 0.035620053 0.027667984 0.039473684 0.032851511 0.030183727 0.039318480
 [745] 0.030104712 0.028758170 0.032637076 0.043024772 0.041666667 0.035110533
 [751] 0.024675325 0.041504540 0.031088083 0.024579560 0.041343669 0.037419355
 [757] 0.029639175 0.036036036 0.043701799 0.037227214 0.034615385 0.035851472
 [763] 0.028132992 0.034482759 0.036989796 0.040764331 0.035623410 0.040660737
 [769] 0.029187817 0.034220532 0.030379747 0.039190898 0.042929293 0.055485498
 [775] 0.046599496 0.036477987 0.047738693 0.035131744 0.041353383 0.032540676
 [781] 0.037500000 0.043695381 0.032418953 0.034869240 0.029850746 0.044720497
 [787] 0.037220844 0.035935564 0.035891089 0.033374536 0.035802469 0.030826141
 [793] 0.041871921 0.035670357 0.046683047 0.045398773 0.045343137 0.037943696
 [799] 0.024449878 0.035409035 0.039024390 0.030450670 0.046228710 0.034021871
 [805] 0.052184466 0.048484848 0.047215496 0.045949214 0.039855072 0.048250905
 [811] 0.036144578 0.030084236 0.040865385 0.036014406 0.031175060 0.046706587
 [817] 0.044258373 0.040621266 0.040572792 0.035756853 0.035714286 0.040428062
 [823] 0.035629454 0.045077106 0.036729858 0.041420118 0.044917258 0.027154664
 [829] 0.035377358 0.028268551 0.040000000 0.038777908 0.043427230 0.030480657
 [835] 0.043325527 0.035087719 0.052570093 0.035005834 0.033799534 0.040745052
 [841] 0.033720930 0.034843206 0.040603248 0.042873696 0.031250000 0.046242775
 [847] 0.038106236 0.047289504 0.031105991 0.040276180 0.035632184 0.027554535
 [853] 0.042431193 0.058419244 0.033180778 0.033142857 0.047945205 0.037628278
 [859] 0.043280182 0.030716724 0.034090909 0.030646992 0.035147392 0.044167610
 [865] 0.045248869 0.028248588 0.036117381 0.038331454 0.039414414 0.040494938
 [871] 0.042696629 0.031425365 0.042600897 0.033594625 0.040268456 0.040223464
 [877] 0.047991071 0.032329989 0.025612472 0.038932147 0.046666667 0.042175361
 [883] 0.033259424 0.027685493 0.040929204 0.039779006 0.033112583 0.034178611
 [889] 0.041850220 0.056105611 0.043956044 0.048298573 0.041666667 0.041621030
 [895] 0.041575492 0.027322404 0.048034934 0.040348964 0.031590414 0.033732318
 [901] 0.036956522 0.033659066 0.043383948 0.041170098 0.030303030 0.045405405
 [907] 0.033477322 0.034519957 0.037715517 0.027987083 0.043010753 0.031149302
 [913] 0.041845494 0.052518757 0.046038544 0.043850267 0.041666667 0.037353255
 [919] 0.027718550 0.033013845 0.035106383 0.037194474 0.028662420 0.026511135
 [925] 0.037076271 0.037037037 0.033826638 0.033790919 0.036919831 0.045310854
 [931] 0.044210526 0.030494217 0.032563025 0.033578174 0.044025157 0.040837696
 [937] 0.038702929 0.039707419 0.043841336 0.038581856 0.037500000 0.022892820
 [943] 0.047817048 0.041536864 0.044605809 0.049740933 0.031055901 0.039296794
 [949] 0.049586777 0.038183695 0.045360825 0.045314109 0.041152263 0.045220966
 [955] 0.037987680 0.046153846 0.034836066 0.031729785 0.033742331 0.041879469
 [961] 0.041836735 0.037716616 0.039714868 0.034587996 0.042682927 0.034517766
 [967] 0.033468560 0.042553191 0.049595142 0.032355915 0.029292929 0.031281534
 [973] 0.032258065 0.034239678 0.033199195 0.050251256 0.042168675 0.034102307
 [979] 0.046092184 0.039039039 0.045000000 0.040959041 0.038922156 0.041874377
 [985] 0.032868526 0.035820896 0.033797217 0.034756703 0.040674603 0.036669970
 [991] 0.033663366 0.029673591 0.026679842 0.033563672 0.046351085 0.046305419
 [997] 0.031496063 0.025565388 0.042239686 0.038272816
